6310
71046
72515
6321
4559
22831
35891
72505
22834
72512
5061
45528
5035
4295
29047
24360
11397
(6310 : 71046)
(6310 : 72515)
(71046 : 72515)
(6310 : 6321)
(6321 : 71046)
(4559 : 6310)
(4559 : 71046)
(6310 : 22831)
(22831 : 71046)
(6310 : 35891)
(6321 : 35891)
(6310 : 72505)
(6321 : 72505)
(6321 : 22834)
(22834 : 71046)
(4559 : 72512)
(6310 : 72512)
(4559 : 22831)
(4559 : 72505)
(4559 : 5061)
(5061 : 71046)
(22831 : 22834)
(6321 : 45528)
(45528 : 72505)
(5035 : 6321)
(5035 : 72505)
(4295 : 6321)
(4295 : 22834)
(5061 : 22834)
(6310 : 29047)
(29047 : 72512)
(5061 : 72505)
(4559 : 45528)
(4295 : 22831)
(5035 : 45528)
(24360 : 45528)
(24360 : 72505)
(4295 : 11397)
(11397 : 22834)
(5061 : 29047)
(22834 : 29047)
(22834 : 72512)
(11397 : 72512)
